
length of bytes: 32
alpha_g1: [33, 106, 193, 139, 126, 112, 201, 247, 147, 179, 55, 42, 155, 47, 110, 206, 132, 77, 123, 150, 252, 201, 114, 65, 79, 200, 253, 91, 73, 66, 27, 161]
length of bytes: 64
beta_g2: [48, 37, 154, 221, 102, 133, 105, 39, 8, 130, 249, 222, 208, 37, 75, 248, 78, 4, 43, 195, 55, 20, 184, 217, 94, 107, 129, 192, 210, 7, 56, 36, 32, 108, 43, 235, 165, 54, 125, 212, 27, 129, 124, 129, 166, 43, 122, 168, 114, 93, 6, 56, 39, 95, 133, 83, 43, 3, 122, 63, 228, 97, 119, 174]
length of bytes: 64
gamma_g2_bytes: [162, 219, 248, 58, 161, 91, 217, 181, 168, 189, 38, 10, 41, 142, 208, 182, 251, 197, 195, 23, 80, 11, 51, 196, 91, 163, 90, 70, 149, 159, 220, 14, 103, 106, 85, 117, 181, 137, 186, 109, 24, 203, 137, 105, 190, 114, 197, 231, 124, 163, 7, 110, 198, 29, 61, 158, 226, 247, 119, 17, 41, 204, 248, 141]
length of bytes: 64
delta_g2: [149, 48, 15, 17, 183, 113, 189, 242, 28, 165, 4, 238, 47, 68, 4, 133, 151, 120, 223, 239, 189, 43, 17, 202, 78, 21, 182, 14, 155, 0, 125, 41, 156, 99, 89, 246, 57, 241, 243, 97, 45, 44, 215, 46, 41, 39, 28, 102, 150, 169, 140, 185, 174, 249, 196, 184, 140, 253, 162, 28, 179, 117, 202, 41]
length of bytes: 32
ic: [55, 70, 131, 94, 111, 67, 187, 85, 213, 53, 
160, 149, 93, 4, 173, 222, 23, 243, 187, 125, 
28, 26, 174, 1, 116, 146, 43, 255, 114, 87, 24, 46]
length of bytes: 32
ic: [206, 251, 80, 116, 195, 106, 24, 185, 121, 14, 107, 86, 58, 12, 159, 187, 180, 171, 9, 106, 165, 58, 122, 195, 65, 129, 33, 65, 20, 9, 55, 174]
nr_pubinputs: 1